,A,C,D,E,F,G,H,I,K,L,M,N,P,Q,R,S,T,V,W,X,Y
A,1.0,0.6910706728734659,0.7033432077867118,0.7037663986457893,0.8425730004231909,0.7490478205670758,0.727465086754126,0.7782479898434194,0.7452391028353789,0.8116800677105375,0.6644096487515869,0.7333897587812104,0.6542530681337283,0.687261955141769,0.7418535759627592,0.6584849767245028,0.5416842996191282,0.8159119763013118,0.6110876005078291,,0.8658484976724504
C,0.6910706728734659,1.0,0.5916208209902667,0.7211172238679644,0.8095641134151502,0.6809140922556073,0.7998307236563691,0.5645366060093102,0.5996614473127381,0.7888277613203555,0.5742699957680915,0.6212441811256877,0.7270418958950486,0.6576385950063479,0.6923402454506983,0.5014811680067711,0.6136267456622937,0.7575116377486246,0.6504443504020313,,0.6593313584426577
D,0.7033432077867118,0.5916208209902667,1.0,0.6347862886161659,0.777824798984342,0.682606855691917,0.5272958104104951,0.6792213288192975,0.6546762589928057,0.687261955141769,0.45196783749471015,0.5924672027084215,0.5801946677951756,0.7126534066864155,0.5306813372831147,0.5818874312314855,0.7156157426999578,0.6398645789250952,0.8214134574693186,,0.7122302158273381
E,0.7037663986457893,0.7211172238679644,0.6347862886161659,1.0,0.7600507829030894,0.6462124418112569,0.6280152348709268,0.6665256030469742,0.6813372831146847,0.6999576809140923,0.6309775708844689,0.6639864578925095,0.4853999153618282,0.6732966567922133,0.7355057130765975,0.5425306813372831,0.6699111299195937,0.7647058823529411,0.6398645789250952,,0.6923402454506983
F,0.8425730004231909,0.8095641134151502,0.777824798984342,0.7600507829030894,1.0,0.7693609818027931,0.7482014388489209,0.8019466779517562,0.6686415573423614,0.9022429115531105,0.6237833262801523,0.6944561997460855,0.6153195090986034,0.7308506136267456,0.8104104951333051,0.5717308506136267,0.7063055438002539,0.841726618705036,0.7676682183664834,,0.757934828607702
G,0.7490478205670758,0.6809140922556073,0.682606855691917,0.6462124418112569,0.7693609818027931,1.0,0.7871349978840456,0.7583580194667795,0.5793482860770207,0.7151925518408803,0.7147693609818028,0.7008040626322471,0.5670757511637748,0.7858654253068134,0.743546339399069,0.5831570038087178,0.7185780787134998,0.8472280998730427,0.6343630977570885,,0.7342361404993651
H,0.727465086754126,0.7998307236563691,0.5272958104104951,0.6280152348709268,0.7482014388489209,0.7871349978840456,1.0,0.7486246297079984,0.6072788827761321,0.770207363520948,0.7719001269572577,0.7033432077867118,0.705459162082099,0.8434193821413457,0.6161658908167583,0.637748624629708,0.686415573423614,0.8027930596699111,0.674989420228523,,0.6119339822259839
I,0.7782479898434194,0.5645366060093102,0.6792213288192975,0.6665256030469742,0.8019466779517562,0.7583580194667795,0.7486246297079984,1.0,0.6140499365213712,0.8180279305966991,0.7630131189166314,0.7680914092255607,0.60431654676259,0.7342361404993651,0.7058823529411764,0.6470588235294117,0.739737621667372,0.8480744815911976,0.7278882776132035,,0.7177316969953449
K,0.7452391028353789,0.5996614473127381,0.6546762589928057,0.6813372831146847,0.6686415573423614,0.5793482860770207,0.6072788827761321,0.6140499365213712,1.0,0.5429538721963605,0.6974185357596275,0.6648328396106644,0.6187050359712231,0.7134997884045704,0.6766821836648328,0.6199746085484553,0.48963182395260263,0.6821836648328397,0.7613203554803216,,0.7613203554803216
L,0.8116800677105375,0.7888277613203555,0.687261955141769,0.6999576809140923,0.9022429115531105,0.7151925518408803,0.770207363520948,0.8180279305966991,0.5429538721963605,1.0,0.6242065171392298,0.6576385950063479,0.6102412187896741,0.6830300465509944,0.765552264071096,0.5590351248413034,0.7401608125264495,0.8298772746508675,0.690224291155311,,0.6809140922556073
M,0.6644096487515869,0.5742699957680915,0.45196783749471015,0.6309775708844689,0.6237833262801523,0.7147693609818028,0.7719001269572577,0.7630131189166314,0.6974185357596275,0.6242065171392298,1.0,0.7621667371984765,0.6893779094371562,0.6661024121878967,0.7350825222175201,0.6466356326703343,0.5171392297926365,0.6944561997460855,0.5450698264917478,,0.5526872619551418
N,0.7333897587812104,0.6212441811256877,0.5924672027084215,0.6639864578925095,0.6944561997460855,0.7008040626322471,0.7033432077867118,0.7680914092255607,0.6648328396106644,0.6576385950063479,0.7621667371984765,1.0,0.6428269149386374,0.6115107913669066,0.6893779094371562,0.5552264071096065,0.6089716462124418,0.7934828607702074,0.6940330088870081,,0.7405840033855269
P,0.6542530681337283,0.7270418958950486,0.5801946677951756,0.4853999153618282,0.6153195090986034,0.5670757511637748,0.705459162082099,0.60431654676259,0.6187050359712231,0.6102412187896741,0.6893779094371562,0.6428269149386374,1.0,0.5057130765975455,0.5611510791366907,0.4231908590774439,0.43461701227253485,0.585272958104105,0.5268726195514177,,0.5539568345323741
Q,0.687261955141769,0.6576385950063479,0.7126534066864155,0.6732966567922133,0.7308506136267456,0.7858654253068134,0.8434193821413457,0.7342361404993651,0.7134997884045704,0.6830300465509944,0.6661024121878967,0.6115107913669066,0.5057130765975455,1.0,0.5412611087600507,0.7477782479898434,0.7223867964451968,0.7181548878544224,0.7947524333474397,,0.6644096487515869
R,0.7418535759627592,0.6923402454506983,0.5306813372831147,0.7355057130765975,0.8104104951333051,0.743546339399069,0.6161658908167583,0.7058823529411764,0.6766821836648328,0.765552264071096,0.7350825222175201,0.6893779094371562,0.5611510791366907,0.5412611087600507,1.0,0.558611933982226,0.5924672027084215,0.8015234870926788,0.5518408802369869,,0.6618705035971223
S,0.6584849767245028,0.5014811680067711,0.5818874312314855,0.5425306813372831,0.5717308506136267,0.5831570038087178,0.637748624629708,0.6470588235294117,0.6199746085484553,0.5590351248413034,0.6466356326703343,0.5552264071096065,0.4231908590774439,0.7477782479898434,0.558611933982226,1.0,0.524333474396953,0.5332204824375794,0.5670757511637748,,0.5374523910283538
T,0.5416842996191282,0.6136267456622937,0.7156157426999578,0.6699111299195937,0.7063055438002539,0.7185780787134998,0.686415573423614,0.739737621667372,0.48963182395260263,0.7401608125264495,0.5171392297926365,0.6089716462124418,0.43461701227253485,0.7223867964451968,0.5924672027084215,0.524333474396953,1.0,0.7160389335590351,0.8154887854422345,,0.5768091409225561
V,0.8159119763013118,0.7575116377486246,0.6398645789250952,0.7647058823529411,0.841726618705036,0.8472280998730427,0.8027930596699111,0.8480744815911976,0.6821836648328397,0.8298772746508675,0.6944561997460855,0.7934828607702074,0.585272958104105,0.7181548878544224,0.8015234870926788,0.5332204824375794,0.7160389335590351,1.0,0.7367752856538299,,0.8366483283961066
W,0.6110876005078291,0.6504443504020313,0.8214134574693186,0.6398645789250952,0.7676682183664834,0.6343630977570885,0.674989420228523,0.7278882776132035,0.7613203554803216,0.690224291155311,0.5450698264917478,0.6940330088870081,0.5268726195514177,0.7947524333474397,0.5518408802369869,0.5670757511637748,0.8154887854422345,0.7367752856538299,1.0,,0.7008040626322471
X,,,,,,,,,,,,,,,,,,,,,
Y,0.8658484976724504,0.6593313584426577,0.7122302158273381,0.6923402454506983,0.757934828607702,0.7342361404993651,0.6119339822259839,0.7177316969953449,0.7613203554803216,0.6809140922556073,0.5526872619551418,0.7405840033855269,0.5539568345323741,0.6644096487515869,0.6618705035971223,0.5374523910283538,0.5768091409225561,0.8366483283961066,0.7008040626322471,,1.0
