,A,C,D,E,F,G,H,I,K,L,M,N,P,Q,R,S,T,V,W,X,Y
A,0.26143790849673204,0.1568627450980392,0.19607843137254902,0.20915032679738563,0.10457516339869281,0.1568627450980392,0.16339869281045752,0.19607843137254902,0.1830065359477124,0.19607843137254902,0.19607843137254902,0.20261437908496732,0.19607843137254902,0.20261437908496732,0.1895424836601307,0.21568627450980393,0.20915032679738563,0.20915032679738563,0.1503267973856209,,0.1503267973856209
C,0.1568627450980392,0.9019607843137255,0.10457516339869281,0.1111111111111111,0.1111111111111111,0.0915032679738562,0.0392156862745098,0.10457516339869281,0.08496732026143791,0.1830065359477124,0.16993464052287582,0.1437908496732026,0.006535947712418301,0.12418300653594772,0.1503267973856209,0.12418300653594772,0.1437908496732026,0.1437908496732026,0.16993464052287582,,0.20915032679738563
D,0.19607843137254902,0.10457516339869281,0.3790849673202614,0.22875816993464052,0.0915032679738562,0.1437908496732026,0.1568627450980392,0.1437908496732026,0.17647058823529413,0.12418300653594772,0.1437908496732026,0.21568627450980393,0.13071895424836602,0.20261437908496732,0.17647058823529413,0.20261437908496732,0.17647058823529413,0.1437908496732026,0.12418300653594772,,0.12418300653594772
E,0.20915032679738563,0.1111111111111111,0.22875816993464052,0.2875816993464052,0.0718954248366013,0.1503267973856209,0.16993464052287582,0.16993464052287582,0.20915032679738563,0.16339869281045752,0.16339869281045752,0.20261437908496732,0.16993464052287582,0.2222222222222222,0.20261437908496732,0.20261437908496732,0.19607843137254902,0.17647058823529413,0.09803921568627451,,0.12418300653594772
F,0.10457516339869281,0.1111111111111111,0.0915032679738562,0.0718954248366013,0.7450980392156863,0.032679738562091505,0.1503267973856209,0.23529411764705882,0.0196078431372549,0.26143790849673204,0.27450980392156865,0.11764705882352941,0.032679738562091505,0.0915032679738562,0.09803921568627451,0.09803921568627451,0.10457516339869281,0.1895424836601307,0.2549019607843137,,0.3333333333333333
G,0.1568627450980392,0.0915032679738562,0.1437908496732026,0.1503267973856209,0.032679738562091505,0.4444444444444444,0.10457516339869281,0.08496732026143791,0.0915032679738562,0.0784313725490196,0.11764705882352941,0.16339869281045752,0.06535947712418301,0.13725490196078433,0.1437908496732026,0.1503267973856209,0.1111111111111111,0.1111111111111111,0.1111111111111111,,0.08496732026143791
H,0.16339869281045752,0.0392156862745098,0.1568627450980392,0.16993464052287582,0.1503267973856209,0.10457516339869281,0.5424836601307189,0.12418300653594772,0.13725490196078433,0.1503267973856209,0.16993464052287582,0.20261437908496732,0.1111111111111111,0.20261437908496732,0.1830065359477124,0.16339869281045752,0.1568627450980392,0.13071895424836602,0.16993464052287582,,0.20261437908496732
I,0.19607843137254902,0.10457516339869281,0.1437908496732026,0.16993464052287582,0.23529411764705882,0.08496732026143791,0.12418300653594772,0.5163398692810458,0.12418300653594772,0.3137254901960784,0.3202614379084967,0.16993464052287582,0.11764705882352941,0.16993464052287582,0.16339869281045752,0.1568627450980392,0.1895424836601307,0.3464052287581699,0.19607843137254902,,0.16993464052287582
K,0.1830065359477124,0.08496732026143791,0.17647058823529413,0.20915032679738563,0.0196078431372549,0.0915032679738562,0.13725490196078433,0.12418300653594772,0.4444444444444444,0.11764705882352941,0.13725490196078433,0.1830065359477124,0.13071895424836602,0.2222222222222222,0.22875816993464052,0.1830065359477124,0.16993464052287582,0.13071895424836602,0.06535947712418301,,0.08496732026143791
L,0.19607843137254902,0.1830065359477124,0.12418300653594772,0.16339869281045752,0.26143790849673204,0.0784313725490196,0.1503267973856209,0.3137254901960784,0.11764705882352941,0.48366013071895425,0.3464052287581699,0.16339869281045752,0.12418300653594772,0.17647058823529413,0.16339869281045752,0.1568627450980392,0.16339869281045752,0.27450980392156865,0.19607843137254902,,0.20261437908496732
M,0.19607843137254902,0.16993464052287582,0.1437908496732026,0.16339869281045752,0.27450980392156865,0.11764705882352941,0.16993464052287582,0.3202614379084967,0.13725490196078433,0.3464052287581699,0.45098039215686275,0.1830065359477124,0.11764705882352941,0.1895424836601307,0.1895424836601307,0.16339869281045752,0.17647058823529413,0.28104575163398693,0.24836601307189543,,0.21568627450980393
N,0.20261437908496732,0.1437908496732026,0.21568627450980393,0.20261437908496732,0.11764705882352941,0.16339869281045752,0.20261437908496732,0.16993464052287582,0.1830065359477124,0.16339869281045752,0.1830065359477124,0.26143790849673204,0.13725490196078433,0.20915032679738563,0.20261437908496732,0.20915032679738563,0.20261437908496732,0.16993464052287582,0.1503267973856209,,0.16339869281045752
P,0.19607843137254902,0.006535947712418301,0.13071895424836602,0.16993464052287582,0.032679738562091505,0.06535947712418301,0.1111111111111111,0.11764705882352941,0.13071895424836602,0.12418300653594772,0.11764705882352941,0.13725490196078433,0.5490196078431373,0.1503267973856209,0.13071895424836602,0.16993464052287582,0.1503267973856209,0.13725490196078433,0.11764705882352941,,0.0784313725490196
Q,0.20261437908496732,0.12418300653594772,0.20261437908496732,0.2222222222222222,0.0915032679738562,0.13725490196078433,0.20261437908496732,0.16993464052287582,0.2222222222222222,0.17647058823529413,0.1895424836601307,0.20915032679738563,0.1503267973856209,0.29411764705882354,0.22875816993464052,0.20261437908496732,0.19607843137254902,0.17647058823529413,0.10457516339869281,,0.13071895424836602
R,0.1895424836601307,0.1503267973856209,0.17647058823529413,0.20261437908496732,0.09803921568627451,0.1437908496732026,0.1830065359477124,0.16339869281045752,0.22875816993464052,0.16339869281045752,0.1895424836601307,0.20261437908496732,0.13071895424836602,0.22875816993464052,0.39869281045751637,0.19607843137254902,0.1830065359477124,0.16993464052287582,0.20915032679738563,,0.16993464052287582
S,0.21568627450980393,0.12418300653594772,0.20261437908496732,0.20261437908496732,0.09803921568627451,0.1503267973856209,0.16339869281045752,0.1568627450980392,0.1830065359477124,0.1568627450980392,0.16339869281045752,0.20915032679738563,0.16993464052287582,0.20261437908496732,0.19607843137254902,0.3006535947712418,0.21568627450980393,0.16339869281045752,0.1437908496732026,,0.1503267973856209
T,0.20915032679738563,0.1437908496732026,0.17647058823529413,0.19607843137254902,0.10457516339869281,0.1111111111111111,0.1568627450980392,0.1895424836601307,0.16993464052287582,0.16339869281045752,0.17647058823529413,0.20261437908496732,0.1503267973856209,0.19607843137254902,0.1830065359477124,0.21568627450980393,0.38562091503267976,0.1830065359477124,0.09803921568627451,,0.13071895424836602
V,0.20915032679738563,0.1437908496732026,0.1437908496732026,0.17647058823529413,0.1895424836601307,0.1111111111111111,0.13071895424836602,0.3464052287581699,0.13071895424836602,0.27450980392156865,0.28104575163398693,0.16993464052287582,0.13725490196078433,0.17647058823529413,0.16993464052287582,0.16339869281045752,0.1830065359477124,0.4444444444444444,0.1830065359477124,,0.17647058823529413
W,0.1503267973856209,0.16993464052287582,0.12418300653594772,0.09803921568627451,0.2549019607843137,0.1111111111111111,0.16993464052287582,0.19607843137254902,0.06535947712418301,0.19607843137254902,0.24836601307189543,0.1503267973856209,0.11764705882352941,0.10457516339869281,0.20915032679738563,0.1437908496732026,0.09803921568627451,0.1830065359477124,1.0,,0.3790849673202614
X,,,,,,,,,,,,,,,,,,,,,
Y,0.1503267973856209,0.20915032679738563,0.12418300653594772,0.12418300653594772,0.3333333333333333,0.08496732026143791,0.20261437908496732,0.16993464052287582,0.08496732026143791,0.20261437908496732,0.21568627450980393,0.16339869281045752,0.0784313725490196,0.13071895424836602,0.16993464052287582,0.1503267973856209,0.13071895424836602,0.17647058823529413,0.3790849673202614,,0.6078431372549019
