,A,C,D,E,F,G,H,I,K,L,M,N,P,Q,R,S,T,V,W,X,Y
A,1.0,0.4827586206896552,0.6360153256704981,0.8850574712643678,0.5478927203065134,0.46360153256704983,0.5478927203065134,0.5210727969348659,0.8275862068965518,0.8122605363984675,0.7662835249042146,0.5057471264367817,0.6551724137931034,0.7394636015325671,0.6513409961685824,0.471264367816092,0.39080459770114945,0.5287356321839081,0.574712643678161,,0.39080459770114945
C,0.4827586206896552,1.0,0.578544061302682,0.4865900383141763,0.5977011494252874,0.6628352490421456,0.6015325670498084,0.5593869731800767,0.5210727969348659,0.5134099616858238,0.5210727969348659,0.632183908045977,0.6666666666666667,0.5555555555555556,0.5517241379310345,0.735632183908046,0.6628352490421456,0.578544061302682,0.6168582375478927,,0.7126436781609196
D,0.6360153256704981,0.578544061302682,1.0,0.6436781609195402,0.4980842911877395,0.6475095785440613,0.6130268199233717,0.5095785440613028,0.6666666666666667,0.6206896551724138,0.5823754789272031,0.7318007662835249,0.6245210727969348,0.6590038314176245,0.5862068965517242,0.6245210727969348,0.5478927203065134,0.5325670498084292,0.5440613026819924,,0.5440613026819924
E,0.8850574712643678,0.4865900383141763,0.6436781609195402,1.0,0.5249042145593871,0.4444444444444444,0.5632183908045977,0.5632183908045977,0.8084291187739463,0.8352490421455938,0.7547892720306514,0.5249042145593871,0.5862068965517242,0.7662835249042146,0.6513409961685824,0.45977011494252873,0.42528735632183906,0.5823754789272031,0.5708812260536399,,0.3984674329501916
F,0.5478927203065134,0.5977011494252874,0.4980842911877395,0.5249042145593871,1.0,0.5977011494252874,0.681992337164751,0.7203065134099617,0.5555555555555556,0.5862068965517242,0.6091954022988505,0.5670498084291188,0.5095785440613028,0.5210727969348659,0.6743295019157088,0.5670498084291188,0.6896551724137931,0.6666666666666667,0.6743295019157088,,0.7088122605363986
G,0.46360153256704983,0.6628352490421456,0.6475095785440613,0.4444444444444444,0.5977011494252874,1.0,0.6398467432950191,0.5287356321839081,0.4865900383141763,0.40996168582375475,0.5057471264367817,0.7586206896551725,0.6551724137931034,0.5095785440613028,0.5478927203065134,0.7241379310344829,0.6551724137931034,0.5249042145593871,0.578544061302682,,0.6896551724137931
H,0.5478927203065134,0.6015325670498084,0.6130268199233717,0.5632183908045977,0.681992337164751,0.6398467432950191,1.0,0.6206896551724138,0.5287356321839081,0.5823754789272031,0.5862068965517242,0.632183908045977,0.49425287356321845,0.6475095785440613,0.6743295019157088,0.5977011494252874,0.6551724137931034,0.574712643678161,0.6130268199233717,,0.6666666666666667
I,0.5210727969348659,0.5593869731800767,0.5095785440613028,0.5632183908045977,0.7203065134099617,0.5287356321839081,0.6206896551724138,1.0,0.5517241379310345,0.7126436781609196,0.6743295019157088,0.5938697318007663,0.4137931034482759,0.5670498084291188,0.6360153256704981,0.4865900383141763,0.7318007662835249,0.8735632183908048,0.628352490421456,,0.6666666666666667
K,0.8275862068965518,0.5210727969348659,0.6666666666666667,0.8084291187739463,0.5555555555555556,0.4865900383141763,0.5287356321839081,0.5517241379310345,1.0,0.735632183908046,0.6360153256704981,0.5440613026819924,0.632183908045977,0.67816091954023,0.6704980842911877,0.5478927203065134,0.49042145593869735,0.5670498084291188,0.6245210727969348,,0.4521072796934866
L,0.8122605363984675,0.5134099616858238,0.6206896551724138,0.8352490421455938,0.5862068965517242,0.40996168582375475,0.5823754789272031,0.7126436781609196,0.735632183908046,1.0,0.7739463601532568,0.5287356321839081,0.5210727969348659,0.7279693486590039,0.6168582375478927,0.3831417624521073,0.4980842911877395,0.7049808429118773,0.5708812260536399,,0.44061302681992337
M,0.7662835249042146,0.5210727969348659,0.5823754789272031,0.7547892720306514,0.6091954022988505,0.5057471264367817,0.5862068965517242,0.6743295019157088,0.6360153256704981,0.7739463601532568,1.0,0.5670498084291188,0.4980842911877395,0.7011494252873564,0.578544061302682,0.4329501915708812,0.4980842911877395,0.6475095785440613,0.5440613026819924,,0.4980842911877395
N,0.5057471264367817,0.632183908045977,0.7318007662835249,0.5249042145593871,0.5670498084291188,0.7586206896551725,0.632183908045977,0.5938697318007663,0.5440613026819924,0.5287356321839081,0.5670498084291188,1.0,0.578544061302682,0.5632183908045977,0.578544061302682,0.632183908045977,0.6206896551724138,0.5593869731800767,0.5363984674329502,,0.632183908045977
P,0.6551724137931034,0.6666666666666667,0.6245210727969348,0.5862068965517242,0.5095785440613028,0.6551724137931034,0.49425287356321845,0.4137931034482759,0.632183908045977,0.5210727969348659,0.4980842911877395,0.578544061302682,1.0,0.5478927203065134,0.5478927203065134,0.7509578544061303,0.5363984674329502,0.4559386973180077,0.6053639846743295,,0.5670498084291188
Q,0.7394636015325671,0.5555555555555556,0.6590038314176245,0.7662835249042146,0.5210727969348659,0.5095785440613028,0.6475095785440613,0.5670498084291188,0.67816091954023,0.7279693486590039,0.7011494252873564,0.5632183908045977,0.5478927203065134,1.0,0.6360153256704981,0.5287356321839081,0.5363984674329502,0.6053639846743295,0.5517241379310345,,0.5095785440613028
R,0.6513409961685824,0.5517241379310345,0.5862068965517242,0.6513409961685824,0.6743295019157088,0.5478927203065134,0.6743295019157088,0.6360153256704981,0.6704980842911877,0.6168582375478927,0.578544061302682,0.578544061302682,0.5478927203065134,0.6360153256704981,1.0,0.578544061302682,0.5708812260536399,0.6053639846743295,0.6168582375478927,,0.6130268199233717
S,0.471264367816092,0.735632183908046,0.6245210727969348,0.45977011494252873,0.5670498084291188,0.7241379310344829,0.5977011494252874,0.4865900383141763,0.5478927203065134,0.3831417624521073,0.4329501915708812,0.632183908045977,0.7509578544061303,0.5287356321839081,0.578544061302682,1.0,0.7432950191570882,0.5210727969348659,0.6360153256704981,,0.7471264367816092
T,0.39080459770114945,0.6628352490421456,0.5478927203065134,0.42528735632183906,0.6896551724137931,0.6551724137931034,0.6551724137931034,0.7318007662835249,0.49042145593869735,0.4980842911877395,0.4980842911877395,0.6206896551724138,0.5363984674329502,0.5363984674329502,0.5708812260536399,0.7432950191570882,1.0,0.7509578544061303,0.6436781609195402,,0.7931034482758622
V,0.5287356321839081,0.578544061302682,0.5325670498084292,0.5823754789272031,0.6666666666666667,0.5249042145593871,0.574712643678161,0.8735632183908048,0.5670498084291188,0.7049808429118773,0.6475095785440613,0.5593869731800767,0.4559386973180077,0.6053639846743295,0.6053639846743295,0.5210727969348659,0.7509578544061303,1.0,0.6015325670498084,,0.6743295019157088
W,0.574712643678161,0.6168582375478927,0.5440613026819924,0.5708812260536399,0.6743295019157088,0.578544061302682,0.6130268199233717,0.628352490421456,0.6245210727969348,0.5708812260536399,0.5440613026819924,0.5363984674329502,0.6053639846743295,0.5517241379310345,0.6168582375478927,0.6360153256704981,0.6436781609195402,0.6015325670498084,1.0,,0.6398467432950191
X,,,,,,,,,,,,,,,,,,,,,
Y,0.39080459770114945,0.7126436781609196,0.5440613026819924,0.3984674329501916,0.7088122605363986,0.6896551724137931,0.6666666666666667,0.6666666666666667,0.4521072796934866,0.44061302681992337,0.4980842911877395,0.632183908045977,0.5670498084291188,0.5095785440613028,0.6130268199233717,0.7471264367816092,0.7931034482758622,0.6743295019157088,0.6398467432950191,,1.0
