,A,C,D,E,F,G,H,I,K,L,M,N,P,Q,R,S,T,V,W,X,Y
A,0.4117647058823529,0.2620320855614973,0.28342245989304815,0.2887700534759358,0.24064171122994651,0.35294117647058826,0.26737967914438504,0.25133689839572193,0.2727272727272727,0.25133689839572193,0.29411764705882354,0.29411764705882354,0.3155080213903743,0.2887700534759358,0.27807486631016043,0.32620320855614976,0.31016042780748665,0.2620320855614973,0.19786096256684493,,0.2620320855614973
C,0.2620320855614973,0.8074866310160428,0.20320855614973263,0.17647058823529413,0.12299465240641712,0.1925133689839572,0.22459893048128343,0.12834224598930483,0.1657754010695187,0.10695187165775401,0.13903743315508021,0.2620320855614973,0.22459893048128343,0.22994652406417113,0.18716577540106952,0.23529411764705882,0.1925133689839572,0.1443850267379679,0.0053475935828877,,0.18716577540106952
D,0.28342245989304815,0.20320855614973263,0.5508021390374331,0.37967914438502676,0.17647058823529413,0.29411764705882354,0.37967914438502676,0.19786096256684493,0.3315508021390374,0.1711229946524064,0.2620320855614973,0.3582887700534759,0.25133689839572193,0.33689839572192515,0.2994652406417112,0.3315508021390374,0.2994652406417112,0.1925133689839572,0.11764705882352941,,0.2620320855614973
E,0.2887700534759358,0.17647058823529413,0.37967914438502676,0.45454545454545453,0.2192513368983957,0.32085561497326204,0.3155080213903743,0.2192513368983957,0.3422459893048128,0.21390374331550802,0.2727272727272727,0.3315508021390374,0.2192513368983957,0.34759358288770054,0.2994652406417112,0.3155080213903743,0.31016042780748665,0.22459893048128343,0.13368983957219252,,0.2727272727272727
F,0.24064171122994651,0.12299465240641712,0.17647058823529413,0.2192513368983957,0.5935828877005348,0.20855614973262032,0.3048128342245989,0.2727272727272727,0.21390374331550802,0.29411764705882354,0.28342245989304815,0.24064171122994651,0.26737967914438504,0.22459893048128343,0.22994652406417113,0.21390374331550802,0.2192513368983957,0.24064171122994651,0.37433155080213903,,0.39572192513368987
G,0.35294117647058826,0.1925133689839572,0.29411764705882354,0.32085561497326204,0.20855614973262032,0.5775401069518716,0.2620320855614973,0.22994652406417113,0.2887700534759358,0.20855614973262032,0.2994652406417112,0.2887700534759358,0.2192513368983957,0.31016042780748665,0.2994652406417112,0.3315508021390374,0.3048128342245989,0.22459893048128343,0.11229946524064172,,0.2192513368983957
H,0.26737967914438504,0.22459893048128343,0.37967914438502676,0.3155080213903743,0.3048128342245989,0.2620320855614973,0.5828877005347594,0.20855614973262032,0.28342245989304815,0.2192513368983957,0.2727272727272727,0.3582887700534759,0.23529411764705882,0.3315508021390374,0.2994652406417112,0.3048128342245989,0.26737967914438504,0.1925133689839572,0.32620320855614976,,0.40106951871657753
I,0.25133689839572193,0.12834224598930483,0.19786096256684493,0.2192513368983957,0.2727272727272727,0.22994652406417113,0.20855614973262032,0.4385026737967914,0.21390374331550802,0.3582887700534759,0.3315508021390374,0.22459893048128343,0.28342245989304815,0.2192513368983957,0.24064171122994651,0.2192513368983957,0.25133689839572193,0.34759358288770054,0.22459893048128343,,0.20855614973262032
K,0.2727272727272727,0.1657754010695187,0.3315508021390374,0.3422459893048128,0.21390374331550802,0.2887700534759358,0.28342245989304815,0.21390374331550802,0.47058823529411764,0.2192513368983957,0.26737967914438504,0.32620320855614976,0.21390374331550802,0.35294117647058826,0.36363636363636365,0.31016042780748665,0.31016042780748665,0.23529411764705882,0.20855614973262032,,0.2620320855614973
L,0.25133689839572193,0.10695187165775401,0.1711229946524064,0.21390374331550802,0.29411764705882354,0.20855614973262032,0.2192513368983957,0.3582887700534759,0.2192513368983957,0.47058823529411764,0.3315508021390374,0.2192513368983957,0.28342245989304815,0.22459893048128343,0.23529411764705882,0.20855614973262032,0.22459893048128343,0.3315508021390374,0.20855614973262032,,0.25133689839572193
M,0.29411764705882354,0.13903743315508021,0.2620320855614973,0.2727272727272727,0.28342245989304815,0.2994652406417112,0.2727272727272727,0.3315508021390374,0.26737967914438504,0.3315508021390374,0.42245989304812837,0.27807486631016043,0.2887700534759358,0.2727272727272727,0.2994652406417112,0.2727272727272727,0.2994652406417112,0.2994652406417112,0.18181818181818182,,0.2727272727272727
N,0.29411764705882354,0.2620320855614973,0.3582887700534759,0.3315508021390374,0.24064171122994651,0.2887700534759358,0.3582887700534759,0.22459893048128343,0.32620320855614976,0.2192513368983957,0.27807486631016043,0.3689839572192513,0.2994652406417112,0.32620320855614976,0.31016042780748665,0.32085561497326204,0.2994652406417112,0.22459893048128343,0.1711229946524064,,0.31016042780748665
P,0.3155080213903743,0.22459893048128343,0.25133689839572193,0.2192513368983957,0.26737967914438504,0.2192513368983957,0.23529411764705882,0.28342245989304815,0.21390374331550802,0.28342245989304815,0.2887700534759358,0.2994652406417112,0.7058823529411765,0.27807486631016043,0.25668449197860965,0.26737967914438504,0.2727272727272727,0.26737967914438504,0.13903743315508021,,0.28342245989304815
Q,0.2887700534759358,0.22994652406417113,0.33689839572192515,0.34759358288770054,0.22459893048128343,0.31016042780748665,0.3315508021390374,0.2192513368983957,0.35294117647058826,0.22459893048128343,0.2727272727272727,0.32620320855614976,0.27807486631016043,0.45454545454545453,0.33689839572192515,0.2994652406417112,0.31016042780748665,0.22994652406417113,0.1497326203208556,,0.26737967914438504
R,0.27807486631016043,0.18716577540106952,0.2994652406417112,0.2994652406417112,0.22994652406417113,0.2994652406417112,0.2994652406417112,0.24064171122994651,0.36363636363636365,0.23529411764705882,0.2994652406417112,0.31016042780748665,0.25668449197860965,0.33689839572192515,0.5026737967914439,0.29411764705882354,0.32085561497326204,0.25133689839572193,0.2620320855614973,,0.2620320855614973
S,0.32620320855614976,0.23529411764705882,0.3315508021390374,0.3155080213903743,0.21390374331550802,0.3315508021390374,0.3048128342245989,0.2192513368983957,0.31016042780748665,0.20855614973262032,0.2727272727272727,0.32085561497326204,0.26737967914438504,0.2994652406417112,0.29411764705882354,0.42780748663101603,0.3315508021390374,0.23529411764705882,0.18716577540106952,,0.2727272727272727
T,0.31016042780748665,0.1925133689839572,0.2994652406417112,0.31016042780748665,0.2192513368983957,0.3048128342245989,0.26737967914438504,0.25133689839572193,0.31016042780748665,0.22459893048128343,0.2994652406417112,0.2994652406417112,0.2727272727272727,0.31016042780748665,0.32085561497326204,0.3315508021390374,0.40106951871657753,0.26737967914438504,0.18181818181818182,,0.24598930481283424
V,0.2620320855614973,0.1443850267379679,0.1925133689839572,0.22459893048128343,0.24064171122994651,0.22459893048128343,0.1925133689839572,0.34759358288770054,0.23529411764705882,0.3315508021390374,0.2994652406417112,0.22459893048128343,0.26737967914438504,0.22994652406417113,0.25133689839572193,0.23529411764705882,0.26737967914438504,0.4117647058823529,0.19786096256684493,,0.20855614973262032
W,0.19786096256684493,0.0053475935828877,0.11764705882352941,0.13368983957219252,0.37433155080213903,0.11229946524064172,0.32620320855614976,0.22459893048128343,0.20855614973262032,0.20855614973262032,0.18181818181818182,0.1711229946524064,0.13903743315508021,0.1497326203208556,0.2620320855614973,0.18716577540106952,0.18181818181818182,0.19786096256684493,1.0,,0.3582887700534759
X,,,,,,,,,,,,,,,,,,,,,
Y,0.2620320855614973,0.18716577540106952,0.2620320855614973,0.2727272727272727,0.39572192513368987,0.2192513368983957,0.40106951871657753,0.20855614973262032,0.2620320855614973,0.25133689839572193,0.2727272727272727,0.31016042780748665,0.28342245989304815,0.26737967914438504,0.2620320855614973,0.2727272727272727,0.24598930481283424,0.20855614973262032,0.3582887700534759,,0.5401069518716578
