,A,C,D,E,F,G,H,I,K,L,M,N,P,Q,R,S,T,V,W,X,Y
A,1.0,0.3191489361702128,0.3120567375886525,0.375886524822695,0.23404255319148937,0.2695035460992908,0.2198581560283688,0.1702127659574468,0.3049645390070922,0.24822695035460993,0.2765957446808511,0.23404255319148937,0.2765957446808511,0.2907801418439716,0.2765957446808511,0.3617021276595745,0.2695035460992908,0.20567375886524822,0.20567375886524822,,0.16312056737588654
C,0.3191489361702128,1.0,0.14893617021276595,0.16312056737588654,0.36879432624113473,0.28368794326241137,0.3120567375886525,0.375886524822695,0.19148936170212766,0.3971631205673759,0.3049645390070922,0.24113475177304963,0.2695035460992908,0.23404255319148937,0.20567375886524822,0.24822695035460993,0.2624113475177305,0.3475177304964539,0.3475177304964539,,0.3262411347517731
D,0.3120567375886525,0.14893617021276595,1.0,0.5319148936170213,0.07092198581560284,0.3475177304964539,0.3617021276595745,0.014184397163120567,0.3617021276595745,0.0070921985815602835,0.1773049645390071,0.5177304964539007,0.2978723404255319,0.3475177304964539,0.3049645390070922,0.3404255319148936,0.36879432624113473,0.06382978723404255,0.14893617021276595,,0.1347517730496454
E,0.375886524822695,0.16312056737588654,0.5319148936170213,1.0,0.0070921985815602835,0.2553191489361702,0.23404255319148937,0.03546099290780142,0.46099290780141844,0.0070921985815602835,0.1702127659574468,0.3829787234042553,0.24113475177304963,0.5531914893617021,0.36879432624113473,0.2198581560283688,0.20567375886524822,0.14893617021276595,0.2198581560283688,,0.09219858156028368
F,0.23404255319148937,0.36879432624113473,0.07092198581560284,0.0070921985815602835,1.0,0.20567375886524822,0.2198581560283688,0.5177304964539007,0.10638297872340426,0.5460992907801419,0.4326241134751773,0.1276595744680851,0.2765957446808511,0.1347517730496454,0.2127659574468085,0.2907801418439716,0.3191489361702128,0.40425531914893614,0.3475177304964539,,0.46099290780141844
G,0.2695035460992908,0.28368794326241137,0.3475177304964539,0.2553191489361702,0.20567375886524822,1.0,0.23404255319148937,0.14184397163120568,0.2127659574468085,0.1773049645390071,0.2198581560283688,0.3617021276595745,0.3191489361702128,0.2198581560283688,0.24822695035460993,0.3546099290780142,0.19858156028368795,0.19148936170212766,0.19858156028368795,,0.16312056737588654
H,0.2198581560283688,0.3120567375886525,0.3617021276595745,0.23404255319148937,0.2198581560283688,0.23404255319148937,1.0,0.3120567375886525,0.2624113475177305,0.22695035460992907,0.23404255319148937,0.3475177304964539,0.2765957446808511,0.2624113475177305,0.2907801418439716,0.2695035460992908,0.24113475177304963,0.2198581560283688,0.24822695035460993,,0.375886524822695
I,0.1702127659574468,0.375886524822695,0.014184397163120567,0.03546099290780142,0.5177304964539007,0.14184397163120568,0.3120567375886525,1.0,0.1702127659574468,0.6170212765957447,0.41843971631205673,0.06382978723404255,0.16312056737588654,0.14893617021276595,0.11347517730496454,0.1702127659574468,0.2553191489361702,0.6170212765957447,0.375886524822695,,0.49645390070921985
K,0.3049645390070922,0.19148936170212766,0.3617021276595745,0.46099290780141844,0.10638297872340426,0.2127659574468085,0.2624113475177305,0.1702127659574468,1.0,0.05673758865248227,0.15602836879432624,0.41134751773049644,0.2765957446808511,0.475177304964539,0.46099290780141844,0.2198581560283688,0.23404255319148937,0.19148936170212766,0.2198581560283688,,0.14184397163120568
L,0.24822695035460993,0.3971631205673759,0.0070921985815602835,0.0070921985815602835,0.5460992907801419,0.1773049645390071,0.22695035460992907,0.6170212765957447,0.05673758865248227,1.0,0.46099290780141844,0.0425531914893617,0.1773049645390071,0.10638297872340426,0.12056737588652482,0.2127659574468085,0.2127659574468085,0.475177304964539,0.3475177304964539,,0.40425531914893614
M,0.2765957446808511,0.3049645390070922,0.1773049645390071,0.1702127659574468,0.4326241134751773,0.2198581560283688,0.23404255319148937,0.41843971631205673,0.15602836879432624,0.46099290780141844,1.0,0.20567375886524822,0.2198581560283688,0.20567375886524822,0.2907801418439716,0.2198581560283688,0.23404255319148937,0.3617021276595745,0.375886524822695,,0.3475177304964539
N,0.23404255319148937,0.24113475177304963,0.5177304964539007,0.3829787234042553,0.1276595744680851,0.3617021276595745,0.3475177304964539,0.06382978723404255,0.41134751773049644,0.0425531914893617,0.20567375886524822,1.0,0.3475177304964539,0.375886524822695,0.36879432624113473,0.2978723404255319,0.375886524822695,0.07801418439716312,0.24822695035460993,,0.19858156028368795
P,0.2765957446808511,0.2695035460992908,0.2978723404255319,0.24113475177304963,0.2765957446808511,0.3191489361702128,0.2765957446808511,0.16312056737588654,0.2765957446808511,0.1773049645390071,0.2198581560283688,0.3475177304964539,1.0,0.2907801418439716,0.2624113475177305,0.3971631205673759,0.3049645390070922,0.16312056737588654,0.22695035460992907,,0.22695035460992907
Q,0.2907801418439716,0.23404255319148937,0.3475177304964539,0.5531914893617021,0.1347517730496454,0.2198581560283688,0.2624113475177305,0.14893617021276595,0.475177304964539,0.10638297872340426,0.20567375886524822,0.375886524822695,0.2907801418439716,1.0,0.475177304964539,0.24113475177304963,0.2198581560283688,0.20567375886524822,0.2695035460992908,,0.1276595744680851
R,0.2765957446808511,0.20567375886524822,0.3049645390070922,0.36879432624113473,0.2127659574468085,0.24822695035460993,0.2907801418439716,0.11347517730496454,0.46099290780141844,0.12056737588652482,0.2907801418439716,0.36879432624113473,0.2624113475177305,0.475177304964539,1.0,0.2198581560283688,0.2553191489361702,0.16312056737588654,0.24113475177304963,,0.2907801418439716
S,0.3617021276595745,0.24822695035460993,0.3404255319148936,0.2198581560283688,0.2907801418439716,0.3546099290780142,0.2695035460992908,0.1702127659574468,0.2198581560283688,0.2127659574468085,0.2198581560283688,0.2978723404255319,0.3971631205673759,0.24113475177304963,0.2198581560283688,1.0,0.46099290780141844,0.1773049645390071,0.16312056737588654,,0.1773049645390071
T,0.2695035460992908,0.2624113475177305,0.36879432624113473,0.20567375886524822,0.3191489361702128,0.19858156028368795,0.24113475177304963,0.2553191489361702,0.23404255319148937,0.2127659574468085,0.23404255319148937,0.375886524822695,0.3049645390070922,0.2198581560283688,0.2553191489361702,0.46099290780141844,1.0,0.2624113475177305,0.23404255319148937,,0.2765957446808511
V,0.20567375886524822,0.3475177304964539,0.06382978723404255,0.14893617021276595,0.40425531914893614,0.19148936170212766,0.2198581560283688,0.6170212765957447,0.19148936170212766,0.475177304964539,0.3617021276595745,0.07801418439716312,0.16312056737588654,0.20567375886524822,0.16312056737588654,0.1773049645390071,0.2624113475177305,1.0,0.3900709219858156,,0.41134751773049644
W,0.20567375886524822,0.3475177304964539,0.14893617021276595,0.2198581560283688,0.3475177304964539,0.19858156028368795,0.24822695035460993,0.375886524822695,0.2198581560283688,0.3475177304964539,0.375886524822695,0.24822695035460993,0.22695035460992907,0.2695035460992908,0.24113475177304963,0.16312056737588654,0.23404255319148937,0.3900709219858156,1.0,,0.3333333333333333
X,,,,,,,,,,,,,,,,,,,,,
Y,0.16312056737588654,0.3262411347517731,0.1347517730496454,0.09219858156028368,0.46099290780141844,0.16312056737588654,0.375886524822695,0.49645390070921985,0.14184397163120568,0.40425531914893614,0.3475177304964539,0.19858156028368795,0.22695035460992907,0.1276595744680851,0.2907801418439716,0.1773049645390071,0.2765957446808511,0.41134751773049644,0.3333333333333333,,1.0
