,A,C,D,E,F,G,H,I,K,L,M,N,P,Q,R,S,T,V,W,X,Y
A,0.2625,0.1625,0.20625,0.2125,0.09375,0.16875,0.175,0.1875,0.2,0.175,0.1875,0.20625,0.19375,0.2125,0.2,0.21875,0.2125,0.20625,0.1375,,0.1625
C,0.1625,0.86875,0.1,0.1,0.075,0.0625,0.05,0.1125,0.075,0.13125,0.15,0.1375,0.00625,0.125,0.1375,0.125,0.15625,0.14375,0.1875,,0.19375
D,0.20625,0.1,0.3625,0.24375,0.06875,0.1625,0.175,0.1375,0.2,0.10625,0.1375,0.225,0.14375,0.21875,0.2,0.2125,0.1875,0.15,0.1125,,0.15
E,0.2125,0.1,0.24375,0.2875,0.05625,0.16875,0.18125,0.1625,0.225,0.14375,0.15,0.2125,0.175,0.23125,0.2125,0.2125,0.20625,0.175,0.0875,,0.1375
F,0.09375,0.075,0.06875,0.05625,0.7125,0.00625,0.1375,0.225,0.0125,0.25625,0.2625,0.10625,0.03125,0.08125,0.1,0.075,0.075,0.18125,0.25625,,0.33125
G,0.16875,0.0625,0.1625,0.16875,0.00625,0.45,0.11875,0.08125,0.11875,0.05625,0.1,0.18125,0.0875,0.15625,0.15625,0.16875,0.13125,0.10625,0.1,,0.09375
H,0.175,0.05,0.175,0.18125,0.1375,0.11875,0.5375,0.11875,0.15625,0.13125,0.16875,0.20625,0.11875,0.20625,0.19375,0.175,0.1625,0.1375,0.15,,0.2125
I,0.1875,0.1125,0.1375,0.1625,0.225,0.08125,0.11875,0.5,0.125,0.3125,0.33125,0.16875,0.1,0.16875,0.15625,0.14375,0.1875,0.34375,0.1625,,0.18125
K,0.2,0.075,0.2,0.225,0.0125,0.11875,0.15625,0.125,0.43125,0.1,0.13125,0.20625,0.14375,0.23125,0.2375,0.2,0.18125,0.1375,0.0625,,0.11875
L,0.175,0.13125,0.10625,0.14375,0.25625,0.05625,0.13125,0.3125,0.1,0.49375,0.34375,0.15,0.09375,0.15625,0.15,0.13125,0.1375,0.28125,0.1625,,0.19375
M,0.1875,0.15,0.1375,0.15,0.2625,0.1,0.16875,0.33125,0.13125,0.34375,0.51875,0.175,0.1,0.18125,0.18125,0.15,0.16875,0.2875,0.21875,,0.2125
N,0.20625,0.1375,0.225,0.2125,0.10625,0.18125,0.20625,0.16875,0.20625,0.15,0.175,0.25625,0.15,0.21875,0.2125,0.21875,0.2125,0.16875,0.15,,0.18125
P,0.19375,0.00625,0.14375,0.175,0.03125,0.0875,0.11875,0.1,0.14375,0.09375,0.1,0.15,0.55625,0.15625,0.14375,0.175,0.15,0.125,0.09375,,0.09375
Q,0.2125,0.125,0.21875,0.23125,0.08125,0.15625,0.20625,0.16875,0.23125,0.15625,0.18125,0.21875,0.15625,0.28125,0.2375,0.2125,0.20625,0.175,0.1125,,0.15625
R,0.2,0.1375,0.2,0.2125,0.1,0.15625,0.19375,0.15625,0.2375,0.15,0.18125,0.2125,0.14375,0.2375,0.36875,0.20625,0.19375,0.16875,0.20625,,0.1875
S,0.21875,0.125,0.2125,0.2125,0.075,0.16875,0.175,0.14375,0.2,0.13125,0.15,0.21875,0.175,0.2125,0.20625,0.3125,0.225,0.15625,0.125,,0.1625
T,0.2125,0.15625,0.1875,0.20625,0.075,0.13125,0.1625,0.1875,0.18125,0.1375,0.16875,0.2125,0.15,0.20625,0.19375,0.225,0.3875,0.18125,0.08125,,0.1375
V,0.20625,0.14375,0.15,0.175,0.18125,0.10625,0.1375,0.34375,0.1375,0.28125,0.2875,0.16875,0.125,0.175,0.16875,0.15625,0.18125,0.425,0.175,,0.175
W,0.1375,0.1875,0.1125,0.0875,0.25625,0.1,0.15,0.1625,0.0625,0.1625,0.21875,0.15,0.09375,0.1125,0.20625,0.125,0.08125,0.175,1.0,,0.4125
X,,,,,,,,,,,,,,,,,,,,,
Y,0.1625,0.19375,0.15,0.1375,0.33125,0.09375,0.2125,0.18125,0.11875,0.19375,0.2125,0.18125,0.09375,0.15625,0.1875,0.1625,0.1375,0.175,0.4125,,0.5625
